▶ python3 day6.py
0 5 [3, 4, 3, 1, 2]
1 5 [2, 3, 2, 0, 1]
2 6 [1, 2, 1, 6, 0, 8]
3 7 [0, 1, 0, 5, 6, 7, 8]
4 9 [6, 0, 6, 4, 5, 6, 7, 8, 8]
5 10 [5, 6, 5, 3, 4, 5, 6, 7, 7, 8]
6 10 [4, 5, 4, 2, 3, 4, 5, 6, 6, 7]
7 10 [3, 4, 3, 1, 2, 3, 4, 5, 5, 6]
8 10 [2, 3, 2, 0, 1, 2, 3, 4, 4, 5]
9 11 [1, 2, 1, 6, 0, 1, 2, 3, 3, 4, 8]
10 12 [0, 1, 0, 5, 6, 0, 1, 2, 2, 3, 7, 8]
11 15 [6, 0, 6, 4, 5, 6, 0, 1, 1, 2, 6, 7, 8, 8, 8]
12 17 [5, 6, 5, 3, 4, 5, 6, 0, 0, 1, 5, 6, 7, 7, 7, 8, 8]
13 19 [4, 5, 4, 2, 3, 4, 5, 6, 6, 0, 4, 5, 6, 6, 6, 7, 7, 8, 8]
14 20 [3, 4, 3, 1, 2, 3, 4, 5, 5, 6, 3, 4, 5, 5, 5, 6, 6, 7, 7, 8]
15 20 [2, 3, 2, 0, 1, 2, 3, 4, 4, 5, 2, 3, 4, 4, 4, 5, 5, 6, 6, 7]
16 21 [1, 2, 1, 6, 0, 1, 2, 3, 3, 4, 1, 2, 3, 3, 3, 4, 4, 5, 5, 6, 8]
17 22 [0, 1, 0, 5, 6, 0, 1, 2, 2, 3, 0, 1, 2, 2, 2, 3, 3, 4, 4, 5, 7, 8]
